1:بىنورمال:58:2424,7960,11128,11363,13311,15769,17712,20457,20831,22095,31851,45829,49058,50065,51151,52536,54303,60557,62453,62467,62556,64035,65386,65391,65420,65421,66179,66269,66653,67742,67744,67825,71460,72580,72871,73705,73706,73728,73747,74345,78167,81813,83577,89278,91312,91322,93999,94189,94206,94244,94255,95689,95913,102589,103825,103851,104198,108351
2:قوپال:49:6959,11094,11754,13152,13310,13373,13799,19600,25208,32338,39181,49168,51057,51858,52253,52833,55654,55690,56421,57329,59125,63024,63340,64070,64074,64971,64973,66137,66623,68892,69156,74182,75640,77494,77495,78420,84178,84179,84185,84187,84189,84534,87004,87005,95896,98705,99052,102057,102208
3:ئىچى پۇشۇش:1:71484
4:مەسخىرە قىلماق:1:59284
5:ئازار:59:7781,14605,17494,22705,24120,26135,26182,27055,29255,31859,33074,34048,35985,39169,48982,49164,49470,49977,50152,52456,55972,56390,57423,58505,58811,60301,61082,61097,61100,61289,62338,67991,69430,72243,72964,73147,80481,81291,81297,81303,88863,88925,93126,93127,93131,94123,96970,97429,98705,99213,100918,101593,102601,103020,103028,104103,105179,110586,111567
6:قالايمىقان:240:326,650,880,2884,2886,5097,5776,6047,6815,8092,8125,8367,8377,9516,10755,11903,12403,13642,13738,13777,14085,15023,15581,15990,17126,17924,18527,20505,25280,25343,27210,27663,27941,31534,31814,32123,32126,32700,32975,33174,33775,35574,36801,37205,37867,38029,38076,38552,38805,39067,39501,40446,40966,41727,42653,43274,43323,45240,45300,45985,46033,46232,46251,46619,46971,47383,47563,47870,47962,48138,48331,48386,48409,48737,49300,49832,50094,52577,52579,52619,52621,52631,53096,53429,53611,53626,53934,54603,55205,55621,55808,55877,56783,56789,57687,57956,58243,59251,59514,60451,60706,60714,60757,60894,61448,61563,61565,62288,62312,62805,63080,63186,63325,64847,65657,66227,66485,66897,67348,68904,69573,69600,69641,70267,70528,71061,72109,72114,72423,73102,73208,75028,75335,75614,75963,76391,76397,77848,77969,79718,79789,82582,83166,83361,83637,83702,83961,84146,84192,84537,84604,85180,86088,86281,86799,86925,87368,87584,87700,87718,87719,87721,87722,87731,88498,88815,88828,88999,89170,89175,89546,89663,89664,89732,89847,89851,89852,89856,90505,90604,91219,91273,91296,91311,91331,91338,91343,91691,92871,93672,94371,94412,94603,95779,95955,95985,96708,96861,96878,97183,97338,97779,97781,97900,98173,98455,98648,99029,99110,99136,99188,99229,99464,100151,100152,100153,100156,100358,100505,100514,100859,101178,101830,101866,103772,104268,104298,105122,105143,105864,107711,107767,108494,108495,108669,108842,108910,108912,111005,111164
7:ئەلەم:76:5173,5627,7887,8327,12918,13833,14385,14836,16925,19251,19500,21112,22232,22330,23000,23019,26018,27202,30033,30056,34042,34535,38043,38775,39431,40819,45229,50093,51568,51753,52602,53209,56012,56015,56017,57258,58108,58109,59247,59981,61352,62338,66058,67498,68279,68455,68568,72723,72817,73137,74353,74762,77343,80132,80420,82594,82998,83043,83821,83899,84051,86652,87117,87386,89160,91783,97198,97498,97780,101844,101977,102090,106146,109463,109546,109547
8:ئاداۋەت:21:15292,19268,33793,36146,41038,42739,42802,44599,49290,51687,57469,60066,66478,83902,86285,98428,101229,101660,108368,110212,110250
9:كۆڭلى يېرىم:5:3735,76149,76213,90972,104091
10:ياقتۇرماسلىق:5:67165,89114,96536,102381,102397
11:مۆكۈشمەك:2:55082,55094
13:لۈكچەك:15:42423,50280,62213,62214,62246,64761,68224,74310,82509,83416,86857,88037,90442,90444,92843
14:ئاۋارىچىلىق:42:11662,14910,36213,43163,47109,48010,49152,50856,52489,52871,52882,53016,53229,53696,55179,56018,59805,63717,71645,71757,72648,76914,78904,79902,80558,83792,88658,88864,90619,91295,91367,91372,91373,91583,91710,92447,94377,97542,98470,98766,102053,109541
15:ھادىسە:38:869,3355,3879,4142,4522,4527,4528,4529,6007,6183,7695,7787,8702,12042,12924,14282,14492,16968,20777,21158,22876,24708,26597,29205,30228,37146,44659,54420,59024,68272,68295,76683,81475,94219,101301,105644,107409,108691
16:ھالاك بولۇش:5:65217,73186,74869,85663,110323
17:قانۇنسىز:110:1006,1746,1835,2192,2335,2584,2938,3000,3628,4757,9263,12603,12604,12852,12854,12964,14038,14956,15507,16059,16071,16079,16231,16457,17164,21127,21837,23056,23106,24001,24396,24410,30082,33543,33840,36077,36810,37471,38351,44786,47759,49833,49938,53125,53126,53357,53878,56831,57868,57869,57871,57938,57945,58119,58399,58404,59535,59915,60899,61422,61463,61470,61472,63766,66410,66779,66915,66919,70378,71542,72279,73102,74727,74882,77013,77890,79695,79880,81761,81982,82770,83370,83388,83689,83916,83918,84004,84005,85381,89881,91069,92350,92951,92990,96106,96844,97731,98712,99005,99251,99429,99607,99833,100556,103741,105529,105530,105723,106929,108571
18:زوراۋانلىق:68:2903,4552,5464,7989,12718,12876,12952,16703,16730,17966,18074,18361,19737,19878,20223,20968,25728,26435,28016,28416,29469,32525,34422,35199,37373,37437,37562,37835,42259,42918,43077,44321,51733,51758,54162,64970,70859,81150,81360,81364,82421,83465,83875,85985,86007,86241,86483,86641,86651,86653,86713,87260,88397,90037,90628,92404,92925,93394,96916,99726,99925,99949,99993,100127,100217,100490,103377,103378
19:خاتىرجەمسىز:5:20471,23654,33357,86086,88232
20:مەغلۇپ بولۇش:9:2201,2203,25177,25196,25538,36303,42682,82734,106026
22:قايغۇ:177:1168,3506,3526,4509,5251,5756,7452,9075,9205,11253,11265,11790,12056,12698,14185,15790,16124,16834,17628,17850,18674,18679,19814,20210,21118,21158,23870,24427,25745,26662,27277,28733,29509,29623,30056,30211,31716,34410,36391,36403,37861,38937,38940,39086,40486,40552,40592,40709,41547,41549,41560,41564,41566,41596,42030,42407,44114,44760,45033,47935,49165,50817,51292,52967,53080,53208,53209,53337,53880,54403,54501,54672,55121,56819,56880,57584,57697,57827,58123,58464,58661,59810,60788,60791,60795,60818,60842,60846,61770,63499,64840,65565,65654,65724,65960,66226,66305,66508,66658,66920,67262,67273,67498,68184,68188,68638,70049,70129,70898,71607,72041,73725,74018,74019,74131,74321,74353,74961,75168,75169,75170,75171,76666,77603,77604,77605,77835,78147,78381,78565,78640,78757,79141,79571,81181,81705,81791,82594,82814,83523,83904,84016,84438,86220,87386,87592,87772,88042,88675,88676,88685,88799,89312,89316,89318,91879,92914,93135,94324,94879,97026,97027,98783,99687,100252,101032,101579,101721,101810,102862,103354,103444,109709,110210,110321,110436,110439
23:غەيرى:87:1683,2564,3181,3622,6070,6421,8379,10832,14191,14506,14730,15354,15665,15703,16240,16472,17712,18287,21898,21985,24064,25078,26417,27802,28111,29211,29212,31303,34077,40954,41652,42092,43016,43030,43041,43898,52232,52241,52488,55526,56168,56584,57353,62242,63027,63605,64035,65230,65500,66059,66358,67960,70278,70315,71211,73480,74363,74855,74858,75149,75906,76484,76743,77630,79381,79441,82144,82268,83530,83532,83766,84046,87432,89174,89282,91495,93865,95857,96215,96626,101767,101778,108594,108595,108596,110428,111394
26:سەۋەنلىك:44:1372,1811,2160,2190,2624,12004,13152,13391,13392,16309,18021,19493,22867,22868,28997,35557,39750,40993,43119,46189,48573,49295,55379,55663,56091,56407,57783,60708,66141,69430,73112,73175,81422,83943,86434,95296,95298,95299,96671,97293,97297,101807,104672,105269
27:ئاجىز:401:61,424,533,738,754,992,1383,4012,4442,4957,5376,5930,6071,6372,6490,6514,6562,6750,6874,7373,7410,8051,8168,8390,9136,9168,9224,9630,9677,9916,10349,10719,10761,11162,12358,13176,13191,13280,13291,14214,14755,15071,15133,15735,15937,16161,16377,16397,16473,16568,16599,16620,16680,16882,16944,17053,17295,17586,17655,18070,18497,19206,19346,19901,20067,20156,20217,20533,20565,21130,21275,21281,21590,21816,21935,22032,22155,22404,22405,22638,22785,23049,23629,23664,23741,23797,24506,24719,24773,24971,25009,25224,25376,25656,26340,26358,26359,26395,26675,26848,26968,27084,27153,27255,27944,28078,28575,28683,28824,29141,29389,29452,29828,29857,29884,30391,30621,30662,30734,31712,32190,32292,32645,33166,34097,34563,34841,35100,35505,36087,36177,36588,36696,36917,36993,37116,38911,39921,40605,40625,40653,40710,41091,41545,41664,41666,42134,42171,42261,42263,42461,42463,42977,43001,43018,43154,43459,44372,44521,44924,46120,46254,46908,47136,47482,48137,48138,48250,48359,49704,49820,49828,49840,50215,50231,51006,51198,51397,51412,51533,51848,52384,52991,53228,53240,54216,54362,54481,54482,54518,54543,54750,54759,54978,55296,55542,55571,55614,55681,56324,57063,57340,57902,57966,58069,58101,58501,58597,58606,58648,58810,59034,59060,59099,59155,59175,59280,59522,59543,59913,60064,60104,60164,60399,60660,60818,60892,61043,61235,61337,61709,62399,62494,62543,63327,63463,63598,64489,64842,64858,64924,65703,65728,65953,66585,66820,67206,67231,67475,68151,69234,70124,70125,70349,70354,70998,71342,72437,72579,73278,73678,74718,74721,74725,74900,74902,75034,76318,76563,76656,76733,77110,77615,77848,78051,78293,78575,78577,78591,78701,78702,78814,78947,79134,79250,79258,79262,79325,79353,79469,79477,79676,79994,80168,80178,80256,80684,80685,80693,81270,81452,81612,81778,81946,81953,82315,83162,83272,84047,84462,84463,84879,85181,85219,87209,88769,88953,89037,89135,89136,89137,89144,89145,89147,89148,89150,89152,89153,89154,89156,89163,89172,89341,89986,90157,90675,90722,91016,91212,91213,92135,93579,93591,93664,93696,94624,94761,94913,95000,95116,95246,95832,95834,96283,96323,96439,96638,96686,96924,97071,97546,97685,97782,98353,98810,98933,99213,100542,101674,102051,102052,102078,102580,102590,102591,103358,103362,103369,103463,103919,103920,104256,105112,105767,106699,107963,108126,108284,108545,108546,109420,109488,109852,109944,110456,110568,111167,111248,111444,111512,111567
28:خاتالىق:552:530,731,1148,1363,1866,2248,3906,4140,5035,7412,7700,7843,9073,9087,9845,10123,11054,11055,11056,11601,11696,12194,12945,13278,13416,13647,14047,15252,16783,17172,17190,18858,18903,19345,19494,19992,20878,21184,21325,21859,21955,24995,25032,25061,25211,26239,26594,29094,29614,30306,30418,30605,30726,30816,31093,31148,31526,31645,31657,32099,32200,32202,32368,32407,32690,32752,32754,32931,32958,32978,33864,34141,34563,34776,35259,35308,35371,35766,36870,37217,37316,37623,38038,38306,38329,38337,38591,38711,38865,38875,38965,38966,39232,39309,39319,39326,39328,39331,39340,39498,39539,39918,40284,40583,40777,40843,40990,41609,41688,41742,41790,41795,42098,42682,42778,42881,42973,43410,43450,43798,44085,44116,44548,44566,44623,45235,45407,45712,45984,46326,46604,46703,46797,46986,47125,47150,47200,47219,47466,48191,48304,48474,48573,48688,48945,49374,49463,49972,50100,50961,50965,51397,51563,52232,52241,52471,52549,52683,52840,52847,52868,52875,52904,53101,53128,53745,53754,53761,53867,54201,54279,55285,55379,55408,55411,55584,55663,55794,56091,56374,56688,56819,56958,57712,57777,58030,58291,58294,58297,58721,58761,58992,59189,59458,59564,60064,60104,60160,60306,60394,60715,60820,60892,61109,61345,61427,61880,61949,61971,62001,62044,62432,62539,62544,62615,63036,63205,63355,63357,63754,64280,64365,64386,64421,64501,64958,64961,64963,65000,65014,65379,65638,65692,65892,65968,66197,66274,66314,67927,68465,68647,68657,68987,69230,69353,69565,69877,69956,70199,70316,70732,70735,70742,70754,71114,71154,71171,71183,71195,71347,71654,71710,71878,72147,72528,73344,73378,73902,73936,73961,74357,74362,74429,74738,74919,74975,75065,75082,75154,75157,75202,75442,75468,75471,75472,75474,75476,75479,75480,75481,75727,75728,75893,76157,76159,76169,76382,76493,76587,76787,76788,76794,76798,76799,77091,77094,77133,77192,77377,77402,77703,77714,77819,77830,77874,77950,77973,78116,78119,78170,78197,78224,78572,79833,80666,80797,81095,81266,81365,81422,81425,81430,81431,81436,81442,81482,81527,81708,81809,81819,82061,82062,82063,82234,82276,82714,83538,83618,83621,83733,83832,84017,84126,84248,84278,84411,84447,84448,84449,84484,84672,84706,84749,84788,84988,85375,85546,85800,85858,86434,86663,87358,87425,87921,87926,87927,87947,87990,88754,88765,89028,89051,89163,89170,89395,89772,89778,90341,90397,90886,91207,91223,91915,92011,92297,92298,92563,93259,93312,93324,93451,93519,93672,93765,93896,93905,93922,93936,94189,94486,94699,94719,94721,94726,94744,94925,95048,95138,96320,96468,96829,96878,96887,97136,97209,97590,98211,98343,98417,98423,98424,98536,98648,98654,98740,98940,99057,99132,99179,99183,99242,99489,99513,99531,99610,99662,99774,99776,99795,99916,100098,100136,100228,100332,100333,100369,100370,100376,100408,100573,100743,100788,101043,101154,101326,101391,101463,101987,102048,102071,102143,102168,102183,102410,102460,102461,102529,102538,102715,102840,102870,103046,103184,103234,103268,103333,103335,103452,103883,104051,104076,104404,104802,104843,105717,106584,106588,106590,106591,106592,106593,106595,106597,106598,106599,106600,106601,106603,106604,106605,106606,106607,106608,106610,106611,106612,106614,106615,106616,106617,106618,106619,106620,106621,106622,106623,106624,106626,106627,106629,106838,106839,106880,107189,107318,107545,107546,107551,108354,108362,108475,108508,108514,108677,108852,108993,109344,109415,110256,110339,110568,110791
29:زەربە:121:2162,3116,6346,7663,7703,8306,9263,9480,9803,12166,12609,13435,15789,16335,18252,21921,22474,23204,24324,24404,24838,25447,26634,26881,27400,27882,28668,28844,33206,34384,34968,35197,35204,36445,36452,37831,38731,39866,39867,40398,41646,41998,42318,42347,42370,42551,43139,43332,44700,45576,45863,46232,46330,47188,47342,47875,50418,51692,52310,59579,59594,59688,59791,59902,59911,60978,60986,61103,62626,62750,66916,66918,67054,67055,67058,68264,68583,68813,69021,69022,69028,69034,69300,70374,70836,70855,80174,80568,80723,80728,81098,81761,83302,83304,84409,84847,85191,85219,85417,85982,88831,88832,89148,90002,90091,93101,93324,95477,97326,97864,98343,98347,99623,99961,100303,100951,101812,103563,105810,108679,109547
30:ئىسراپچىلىق:25:3515,4170,7223,13841,25132,28655,33610,40417,42149,45391,51896,56687,61275,73026,76122,79683,84900,85117,90792,92799,99415,99646,102276,108074,110963
31:كەمسىتمەك:1:59125
32:ساختا:111:2397,3194,3650,5221,5712,6127,8878,12003,12763,14947,16174,20146,22413,25077,25765,26317,28188,30233,34446,37072,40760,40976,41678,41681,41682,41685,42387,43013,43327,44194,44802,44910,45013,46010,46017,47339,48275,50433,50671,50918,51735,52087,53611,56142,56564,56695,56858,58392,58981,59099,59724,60261,62264,64762,65915,67740,68024,68877,69697,70208,70209,70726,70795,71069,72624,72926,73134,73255,73828,73891,74191,74838,74960,75550,76750,76882,76904,78620,79535,81766,86085,86525,86757,87178,88066,88524,89030,89983,97731,98506,98649,99196,99440,99540,99655,101380,101555,103569,103572,103614,103744,104775,105326,106952,107254,107531,107532,107948,108091,110705,111192
33:تېتىقسىز:36:33518,37609,37614,39751,44565,48127,50087,52667,54522,56841,58517,67203,68878,68989,70608,72412,76753,78269,78271,80048,81850,83507,85298,86025,86981,89643,92024,92307,93973,96789,97738,98386,101042,101043,102749,106771
35:شەھۋانى:19:1382,3814,7344,12901,14166,16615,20498,22319,24345,24639,28487,28891,47282,52676,52924,55623,55706,81250,82347
36:يامان نىيەت:17:2675,12647,28306,29332,33757,36414,40106,43273,57670,60973,85924,89871,93144,93145,93146,97327,103619
37:سەت:1796:26,215,437,533,762,873,930,1016,1019,1023,1093,1145,1199,1246,1342,1384,1411,1431,1659,1675,1681,1693,1858,1859,2054,2158,2213,2225,2250,2255,2340,2403,2425,2516,2522,2531,2600,2672,2692,2775,2788,2888,2919,3299,3434,3437,3442,3497,3500,3512,3524,3552,3635,3833,3851,3886,3911,3968,3985,4083,4143,4175,4193,4194,4200,4201,4272,4323,4371,4391,4510,4844,4970,5075,5118,5149,5150,5220,5268,5282,5353,5445,5546,5583,5590,5634,5772,5820,5898,5899,5949,5998,6031,6032,6101,6106,6118,6165,6184,6216,6370,6419,6420,6496,6502,6567,6640,6747,7029,7082,7221,7325,7333,7353,7371,7389,7419,7465,7526,7546,7558,7790,7870,7872,8075,8276,8337,8373,8416,8491,8560,8615,8660,8696,8977,9066,9067,9091,9210,9372,9406,9528,9635,9672,9699,9790,9878,10069,10100,10197,10198,10413,10597,10604,10695,10697,10723,10749,10779,10784,10816,11041,11052,11105,11167,11270,11343,11491,11511,11647,11748,11765,11808,11811,11822,11971,12216,12255,12256,12266,12267,12298,12763,12804,12805,12809,13023,13169,13173,13174,13175,13176,13177,13319,13414,13424,13441,13512,13514,13560,13650,13829,13906,13907,14056,14076,14111,14281,14319,14335,14356,14530,14567,14588,14613,14697,14954,14977,14996,15087,15324,15352,15431,15458,15550,15560,15625,15716,15788,15831,15876,15930,16041,16082,16119,16171,16186,16198,16240,16263,16396,16603,16686,16774,16793,16797,16835,16904,16969,16987,17024,17076,17316,17398,17410,17425,17433,17486,17504,17540,17751,17756,17778,17793,17869,17971,18031,18228,18253,18531,18563,18680,18688,18700,18727,18780,18790,18826,19030,19031,19046,19264,19361,19403,19500,19515,19566,19567,19612,19693,19753,19757,20018,20088,20180,20186,20196,20381,20422,20423,20433,20509,20557,20565,20569,20683,20689,20888,20998,21028,21079,21093,21153,21170,21345,21354,21364,21370,21371,21380,21510,21554,21592,21747,21842,21887,21930,21941,21991,21998,22032,22050,22186,22247,22349,22399,22612,22629,22672,22673,23006,23065,23170,23230,23255,23467,23513,23545,23640,23703,23733,23990,24023,24048,24142,24159,24171,24266,24403,24425,24447,24498,24506,24601,24617,24638,24668,24688,24938,24983,24985,25075,25078,25116,25141,25148,25150,25162,25191,25207,25231,25360,25381,25452,25454,25479,25521,25569,25574,25580,25699,25715,25753,25788,25853,25965,25975,26037,26232,26381,26384,26511,26794,26885,26937,26949,26970,27001,27025,27026,27161,27400,27447,27456,27487,27529,27548,27611,27685,27776,27831,27834,27963,28086,28108,28157,28191,28214,28476,28501,28651,28825,28911,28926,28936,28955,29015,29112,29134,29260,29309,29314,29428,29545,29607,29623,29777,29796,29932,29937,29954,29959,30182,30273,30285,30327,30426,30438,30528,30607,30612,30614,30660,30661,30706,30732,30782,30827,30993,30999,31001,31093,31239,31299,31454,31485,31519,31532,31594,31750,31811,31826,31979,32193,32223,32224,32508,32726,32762,32808,32847,32893,32986,33104,33155,33197,33216,33217,33478,33631,33639,33642,34101,34106,34146,34148,34278,34547,34591,34639,34795,34815,34877,34894,35032,35033,35339,35508,35686,35719,35721,35790,35793,36134,36140,36219,36292,36301,36443,36508,36622,36630,36700,36705,36714,37041,37080,37106,37184,37209,37410,37472,37513,37531,37600,37682,37791,37829,37844,37861,38001,38037,38050,38062,38080,38103,38151,38169,38346,38366,38393,38454,38495,38500,38669,38702,38730,39007,39023,39032,39095,39101,39105,39406,39656,39667,39704,39705,39706,39707,39712,39729,39730,39914,39915,40073,40164,40307,40368,40457,40468,40469,40481,40544,40568,40670,40847,40850,41096,41139,41159,41191,41217,41309,41338,41523,41625,41632,41673,41969,41993,42035,42108,42109,42249,42279,42341,42430,42511,42760,42802,42837,42838,42851,43039,43067,43167,43283,43284,43285,43524,43539,43572,43772,43803,43817,43856,43915,44047,44061,44197,44293,44417,44461,44581,44771,44822,44943,44974,44980,44997,45112,45313,45378,45440,45519,45537,45716,45914,45933,45957,46041,46114,46116,46135,46189,46226,46263,46277,46279,46410,46445,46449,46583,46641,46710,46738,46912,47002,47022,47048,47071,47155,47319,47341,47393,47409,47442,47490,47528,47567,47576,47669,48234,48332,48334,48437,48705,48747,48765,48854,48874,48891,49145,49168,49190,49261,49270,49286,49336,49464,49579,49623,49766,49775,49872,49988,49999,50155,50210,50235,50258,50458,50510,50697,51010,51057,51127,51190,51194,51312,51321,51487,51497,51505,51595,51608,51684,51687,51726,51741,51767,51881,52011,52015,52098,52232,52241,52263,52264,52336,52414,52455,52476,52512,52852,53009,53021,53081,53083,53128,53209,53216,53232,53290,53345,53591,53600,53611,53670,53757,53845,53957,54193,54198,54276,54336,54340,54636,54647,54795,54803,54965,55064,55067,55106,55110,55130,55165,55166,55183,55292,55333,55426,55445,55456,55505,55591,55634,55654,55776,55858,55888,55965,56059,56192,56193,56196,56227,56268,56295,56326,56329,56368,56540,56833,56835,56840,56864,56872,56909,57072,57175,57206,57331,57344,57425,57447,57518,57707,57910,57911,58090,58123,58133,58159,58189,58218,58233,58312,58324,58377,58386,58403,58427,58439,58487,58491,58582,58624,58714,58844,58889,58937,58949,58982,59052,59198,59213,59225,59259,59262,59326,59405,59476,59520,59550,59729,59893,59912,59953,59989,60013,60026,60030,60114,60226,60265,60321,60337,60339,60424,60444,60613,60654,60734,61038,61040,61043,61080,61084,61122,61181,61183,61240,61260,61287,61487,61488,61501,61539,61560,61572,61588,61691,61708,61718,61719,61803,61884,61893,61900,62106,62126,62132,62164,62417,62425,62450,62491,62550,62675,62707,62726,62805,62879,62890,62933,63034,63037,63123,63134,63262,63265,63279,63298,63336,63353,63376,63475,63494,63574,63883,63884,63969,64070,64073,64074,64369,64453,64456,64473,64490,64559,64620,64667,64730,64762,64859,65134,65145,65159,65423,65573,65606,65618,65750,65805,65830,65903,65924,65971,66016,66141,66205,66278,66293,66296,66304,66506,66561,66574,66580,66598,66703,66710,66722,66780,66813,66823,66852,66914,67127,67129,67190,67201,67204,67210,67230,67311,67389,67510,67647,67741,67927,67955,68030,68084,68124,68192,68206,68439,68447,68633,68638,68794,68891,69140,69151,69261,69267,69453,69661,69808,69856,69871,70038,70039,70099,70114,70165,70179,70249,70323,70342,70353,70486,70776,70897,71238,71255,71258,71509,71742,71744,71897,71911,71932,71987,72097,72152,72220,72308,72311,72383,72390,72414,72561,72563,72565,72619,72692,72776,72777,72778,72858,72894,72943,73004,73068,73119,73147,73190,73197,73352,73425,73431,73497,73507,73509,73510,73542,73643,73677,73684,73700,73768,73785,73893,73895,73965,74020,74049,74123,74215,74307,74318,74419,74430,74463,74482,74483,74484,74496,74504,74517,74525,74592,74654,74661,74689,74731,74742,74752,74845,74980,74996,75036,75053,75056,75074,75131,75148,75160,75199,75204,75255,75309,75332,75350,75390,75392,75403,75489,75501,75691,75734,75743,75785,75810,75899,76065,76110,76338,76519,76523,76592,76593,76594,76729,76812,76883,76899,76907,76948,76977,77050,77311,77353,77358,77426,77498,77680,77736,77757,77834,77859,77880,77967,77997,78037,78041,78080,78102,78122,78221,78319,78368,78415,78479,78540,78553,78585,78586,78640,78651,78781,78834,78930,79013,79143,79166,79172,79200,79408,79427,79447,79467,79515,79546,79616,79632,79727,79934,79956,79982,79997,80051,80062,80153,80156,80276,80411,80528,80540,80548,80576,80585,80611,80722,80728,80999,81027,81078,81082,81091,81172,81283,81360,81538,81596,81672,81740,81794,81808,81935,82094,82098,82134,82240,82265,82294,82347,82439,82459,82500,82502,82504,82513,82566,82601,82634,82635,82680,82824,82826,82883,82945,83025,83091,83146,83237,83486,83777,83810,83811,83958,84114,84280,84293,84352,84373,84395,84402,84558,84572,84645,84688,84706,84789,84900,84982,84995,85073,85136,85233,85295,85310,85339,85369,85375,85444,85594,85660,85702,85813,85818,85840,85856,85908,85920,85972,86068,86102,86147,86238,86349,86397,86476,86482,86523,86531,86536,86549,86557,86598,86612,86627,86711,86714,86716,86736,86798,86802,86841,86945,87170,87403,87427,87504,87508,87588,87595,87596,87617,87621,87636,87648,87687,87713,87731,87753,87846,87848,87886,88024,88094,88241,88242,88266,88271,88277,88278,88454,88622,88728,88779,88832,88909,88949,88950,89038,89051,89137,89244,89300,89301,89322,89331,89547,89592,89660,89684,89855,89866,89945,90251,90343,90347,90352,90355,90359,90373,90407,90421,90515,90714,90751,90752,90753,90895,90995,91035,91081,91143,91162,91163,91174,91177,91197,91213,91227,91274,91375,91441,91537,91562,91595,91661,91668,91675,91676,91699,91776,91868,91892,91945,91946,92041,92168,92231,92332,92440,92443,92451,92456,92510,92563,92590,92652,92677,92679,92801,92828,92895,93065,93196,93257,93345,93348,93349,93351,93456,93463,93466,93503,93880,93899,93909,93941,93945,93971,93981,93994,94018,94127,94371,94546,94657,94658,94694,94715,94719,94756,94763,94774,94775,94782,94807,94813,94831,94836,94865,94899,94916,94941,94948,94965,94989,95078,95096,95205,95310,95318,95348,95363,95367,95581,95614,95627,95630,95789,95820,95847,95849,95850,95928,95930,95990,95992,96009,96010,96014,96026,96101,96105,96150,96334,96347,96432,96437,96441,96449,96707,96715,96739,96748,96814,96866,96984,97024,97032,97048,97116,97260,97283,97284,97323,97371,97385,97403,97482,97525,97546,97583,97638,97671,97672,97685,97781,97841,97900,97926,98077,98241,98242,98253,98377,98456,98485,98506,98516,98628,98710,98725,98735,98790,98796,98812,98820,98821,98835,98875,98888,98911,98916,98931,98943,98954,98983,99013,99017,99022,99079,99139,99149,99245,99298,99302,99324,99561,99621,99622,99788,99795,99911,99917,100036,100046,100111,100211,100265,100346,100445,100683,100728,100733,100734,100738,100772,100851,101078,101324,101335,101345,101373,101376,101411,101432,101615,101645,101905,101930,101944,102076,102117,102192,102204,102225,102333,102346,102348,102442,102484,102646,102686,102688,102795,102993,102997,103103,103104,103106,103156,103228,103292,103327,103339,103350,103389,103399,103426,103488,103501,103527,103605,103620,103633,103805,103877,103878,104370,104454,104566,104572,104580,104653,104712,104986,105138,105206,105209,105212,105282,105410,105440,105719,105764,105821,105884,105968,106015,106026,106064,106316,106319,106323,106324,106325,106326,106369,106401,106475,106483,106495,106514,106516,106517,106526,106529,106530,106537,106542,106691,106957,107006,107199,107280,107327,107377,107423,107429,107507,107692,107738,107771,107781,107887,107900,107923,108033,108074,108076,108203,108368,108477,108545,108546,108549,108586,108722,108749,108759,108777,108814,108818,108858,108864,108865,108914,109019,109022,109023,109024,109041,109042,109045,109047,109048,109050,109051,109138,109191,109290,109304,109308,109328,109351,109354,109416,109540,109547,109612,109679,109681,109686,109722,109745,109750,109787,109809,109898,109936,109956,110040,110125,110136,110293,110313,110335,110383,110391,110450,110568,110621,110623,110746,110858,110864,110967,110968,111005,111112,111150,111169,111230,111274,111279,111322,111355,111372,111507,111533,111564,111576,111601
38:قىلتاق:13:31447,36292,57713,58885,63208,70599,76854,76856,76881,83896,83901,91270,103171
